01:54:43 27/09/2023 1,1234,Panasonic,11,1,2,24000000.0,48000000.0
01:55:04 27/09/2023 2,12345,Samsung,4,3,1,10000000.0,10000000.0
01:55:36 27/09/2023 3,123,Electrolux,20,1,1,6800000.0,6800000.0
01:56:43 27/09/2023 1,135,LG,11,4,2,7000000.0,14000000.0
01:57:04 27/09/2023 2,1357,Aqua,4,5,1,9000000.0,9000000.0
01:57:36 27/09/2023 3,1537,Toshiba,20,3,1,5999999.0,5999999.0
01:58:36 27/09/2023 3,4321,Toshiba,29,3,2,9500000.0,19000000.0
01:59:43 27/09/2023 1,54321,LG,26,2,2,6500000.0,13000000.0
02:00:36 27/09/2023 3,321,Electrolux,20,2,1,7400000.0,7400000.0
02:00:49 27/09/2023 3,531,Electrolux,12,3,1,6800000.0,6800000.0
